k is 2
pca finish
pca shape:
(5000404, 42)
minibatchkmeans finish:
calinski_harabasz_score:
2204894.5677594314
cluster_centers_:
[[-4.88338315e-01  3.59797206e-05 -5.07873874e-04  7.94669346e-04
   2.92763447e-03  2.60294113e-03  1.26019058e-03  1.18178883e-03
   2.38800574e-04  3.22954962e-04  2.87877573e-03  6.71017223e-04
   1.16667278e-03 -2.44855959e-04  5.28494026e-04  6.31408892e-04
   6.53934505e-03 -2.08687958e-04 -1.91140505e-03  5.51696721e-03
  -1.74652356e-03  1.22343735e-03  1.67047692e-04 -4.33038135e-04
   7.07446535e-04  4.21795541e-04  1.07761211e-04 -9.83668730e-04
   5.91915749e-04 -2.72487095e-04  8.73040107e-05 -2.03795328e-04
  -1.30190700e-03  5.16467319e-04  3.13167262e-04  2.28227511e-04
  -3.15558695e-04  8.22539554e-04 -1.30914167e-04  2.82033846e-05
  -6.92586787e-04  3.52579089e-04]
 [ 5.65192960e-01 -1.69926473e-04  5.89206546e-04 -1.01180688e-03
  -3.44380544e-03 -3.31912104e-03 -1.99508497e-03 -1.88073599e-03
  -4.55125236e-04 -6.84045127e-04 -3.26924546e-03 -8.58002109e-04
  -1.24302603e-03 -9.86842464e-05 -4.82449413e-04 -7.94204936e-04
  -7.59980444e-03  3.99793434e-04  2.43855969e-03 -6.38387193e-03
   2.01254842e-03 -1.35525298e-03  6.12711374e-05  7.39634571e-04
  -1.00865469e-03 -8.78944145e-04 -1.05175994e-04  9.43851505e-04
  -5.35031194e-04  4.78872762e-04 -5.93218132e-05  2.43286563e-04
   1.52269993e-03 -5.86609308e-04 -2.81603603e-04 -4.34507171e-04
   4.71956165e-04 -8.26389936e-04  3.02042771e-04 -1.41360762e-04
   1.01949319e-03 -3.68627615e-04]]